(30, 200) (30, 100)
(30, 2)
time cost: 236.3898754119873
acc: 161 0.805
invalid: 0 0.0
wr#0: [    0     0    64     0     0     0    24     0    48     0   192     0
     0     0     0     0    48     0     0     0   288     0     0     0
     0   216   576     0     0     0     0     0     0   144    24     0
     0    96     0     0     0     0    64   648     0     0     0    48
     0     0    36    48     0  1944     8     0     0     0    36     0
     0     0     0     0     0  1728     0   288 59049   144     0     0
     8     0     0   192     0   144     0     0     0     0     0    32
     0     0     0     0     0   288     0     0     0     0     0   432
    24     0     0     0] 68_59049, right:49_0
wr#5: [   0  576    0    0    0  432    0   96    0    0    0    0    0    0
   12  576    0    0  384  864    0   72  384    0    0  768  288    0
    0  864    0  144    0    0    0    0    0 1296    0    0    0    0
    0   16    0   36  864    0    0    0  384   96   36    0 5184    0
    0    0    0    0    0    0    0    0   96    0    0   36    0    0
    0    0    0   72  192    0  144  288    0    0    0    0    0  144
    0    0    0    0   32    0    0  108 1296    0    0    0    0  432
    3    0] 54_0, right:92_1296
wr#8: [  0   0 768   0  32   0 288   0   0   0   0   0 216   0 128   0   0   0
 108   0 384   0  48 432 144   0   0   0   0   0 108   0   0   0  24   0
   0   0   0   0  72   0   0   8   0 128   0 144   0   0  12   0   0  96
   0   0   3   0   0  72   0   0   0   0   0   0   0   0   0 192   0 864
   0   0   0   0   8   0   0   0   0   0   0   0   0   0 144   0  64   0
   0   0   0   0  96   0   0   0 128   0] 71_0, right:23_432
wr#31: [    0     0     0     0     0     0    32   192    64     0 26244    64
     0     0     0    72     0     0    16     0    72     0    16     0
     0   288    48     0     0     0     0     0     0   432     0    96
     0     0    96     0     0     0   192     0     0    96     0     0
     0   432     0   576     0     0     0     0     0     0   576     0
   216     0     0     0     0   576     0    96   768     0   144     0
     0     0     0     0     0    48     0     0     0     0     0   864
     0     0     0    24     0     0     0     0     0     0     0   432
     0     0     0     0] 10_768, right:61_0
wr#33: [ 432    0    0    0   36    0    0    0    0    0  384    0    0    0
    0    0    8    0    0    0  144    0    0    0  128    0    0    0
    4    0 1944    0    0   32  144    0    0   48    0    0    0   32
    0    0    0    0    0    0    0    0   24   96    0   36    0    0
    0    0   54    0    0    0    0    0    0   72    0    0    0    0
   96    0  144    0    0    0   12   96    0    0    0   96    0   16
  384   32    0    0    0   64   32    0  144 1458    0    0    0   36
    0    0] 30_0, right:93_1458
wr#35: [    0     0    12     0     0     0    32     0   192   216     0     0
     0   128    54     0     0     0     0     0     0     0     0     0
     0     0     0    48   216   432     0   288    32     0     0     0
    72     0     0     0     0     0     0     0   288    72     0     0
     0     0     0     0     0     0     0     0     0     0     0     0
     0     0     0     0   144     0     0    24     0     0     0     0
     0    48     0     0     0     0     0     0     0     0     0    24
     0     0     0     0   192     0     0 13122     0     0   216     0
     0     0   162     0] 91_0, right:73_48
wr#37: [   16   144 17496     0   144   144     0     0     0     0     0     0
     0     0     0     0     0     0     0    32     0     0     0     0
     0     0     0     0   144     0     0     0     0   384     0     0
     0   192     0     0    16     0     0     0     0     0     0     0
    64     0     0     0     0     0     0     0     0   288     0     0
     0     0     0   288    72     0     0     0   128     0   216     0
     0     0     0     0     0     0     0     0     0     0     0     0
   288     0     0     0     0     0     0     4   144     0     0     0
     0     0     0  2304] 2_128, right:11_0
wr#49: [  16  432    0    0    0    0    4    0  128    0    0    0    0    0
    0    0    0  576   96    0   64    0  384    0    0    0   96    0
    0    0  128    0    0    0    0    0    0  144  144    0    0    0
  288    0    0   12    0    0   64  128    0    0    0    0    0  864
    0    0    0    0    0    0  288    0  648    0    0    0    0    0
    0   48    0    0    0    0 2916    0    0    0    0    0  216    0
  128 1458    0    0  288  576    0    0   48    0    0  648    0    0
    0    0] 76_0, right:17_576
wr#62: [   0    0    0    0    0   24 3456    0   48    0    0   36    0  216
    0 1944    0    0  192  576    0    0    0    0    0    0  144  432
    0    0    0    0    0    0    0   24    0    0    0    0    0    0
    0    0    8    0    0    0    0    0    0    0    0    0    0  144
    0    0    0   18    0    0  144   16    0   48    2    0    0    0
    0    0    0    0    0    0  288  576  648    0    0    0  576  216
    0    0    0    0    0   72    0   32    0    0    8    0   96    0
  288    0] 6_0, right:15_1944
wr#64: [   0  144    0    0    0    0    0    0    0    0    0    0    0    0
  144    0   32    0   32    0    0    0   72    0    0    0   32    0
  144    0    0  256  432    0    0  144  192  192  256    0    0    0
    0    0    0    0    0    0    0    8    0    0    0    0  576    0
  648    0    0    0  192  192 5832    0    0    0    0    0    0    0
    0   64    0    0    0   96    0    0   16    0    0   54    0  576
   96    0    0    0    0  192    0    0   48    0    0    0   64    0
    0    0] 62_0, right:7_0
wr#65: [    0     0     0     0     0     0   144     0   384     0     0    24
    64   256   324     0     0     0     0   864     0   648     0    96
     0     0    32    72     0     0     0   144     0     0     0     0
     0     0     0     0     0     0    24     0     0    36     0    32
     0     0     0     0   324     0     0     0     0     0     0     0
    48   576     0     0    96     0     0     0     0     0    24     0
     0     0     0     0     0     0     0     0     0     0     0     0
    96     0    96   576     0     0     0   324     0     0     0     0
     0     0 59049     0] 98_0, right:35_0
wr#72: [    0   432     0     0   144    48     0     0     0     0     0     0
     0     0   972   576     0    48     0     0     0     0 17496     0
     0     0     0     0     0     0     0     0     0     0    16     0
     0     0     0     0     0     0     0     0     0     0     0    96
     0     0     0     0     0   144     0   864     0     0     0   432
     0   192     0    32    96     0     0     0     0     0     8     0
   192     0     0     0   432     0    16     0     0    72     0     0
     0    32     0     0     0   576     0     0     0     0     0     0
     0     0     0     0] 22_0, right:67_0
wr#74: [   0   48  216    0  108    0    0    0    0   36    0    0   16    0
  144    0    0    0    0   96  144   96  864    0    0   48    0    0
    0  288   96 1296    0    0    0    0    0  576    0    0    0    0
  216    0    0    0    0   96   48 1536   32    0    0    0    0    0
    0    0    0    0   48    0   96    0  216    0    0 3888   32   32
    0  144    0    0    0    0    0    0    0    0    0    0    0    0
   96    0    0  108 1152    0    0   48  432    0  144  384    0  144
    0    0] 67_32, right:32_0
wr#87: [    0     8     0    24    24     0     0     0     0     0   432     0
     0     0     0     0     0     6     0    64     0     0     0   144
     0     0   768     0     0     0    12     0     8   972    72     0
     0     0    96     0     0     0 11664     0    72     0     0     0
     0   192     0     0     0     0     0     0     0    48   192    24
     0     0    12     0     0     0     0     0    64     0     0     0
     0     0     8     0   128     0     0    18     0    36   192     0
     0   576     0     0     0     0     0     0     0     0   288   576
     0     0   128     0] 42_64, right:33_972
wr#88: [    0   288     0     0    32     0     0     0     0     0    48     0
     0     0     0     0     0    54   576   192     0   192     0     0
   144   864     0     0     0     0     0     0     0     0    72 39366
   288   216     0   384     0     0     0     0    18   128   144     0
    54    16     0   192   288     0   648     0   432     0     0   216
    96   288   108     0   256     0     0     0     0     0     0     0
     0     0    24    48   128     0    18   162     0     0     0     0
     0     0     0     0    48   162   192     0     0     0     0     0
   216     0     0    54] 35_0, right:11_0
wr#89: [   0    0    0    0    0    0    0    0    0    0    0    0    0    0
    0    0    0    0   16    0    0    0    0    0    0    0    0   16
    0    0    0   72    0    0  216    0    0    0    0    0   24    0
    0    0   24    0    0    0    0  192  144    0   24    0    0    0
 1296    0    0    0    0   32    0    0   48    0    0    0    0    0
    0   32    0 2916  864  256   32    0   24    0    0    0    0    0
    0  144    0   24    0   96    0    0   72    0   96    0  128  128
    0  288] 73_0, right:67_0
wr#92: [    0     0     0     8     0     0     0   144     0     0    16     0
    96     0   128   128     0     0 26244   432     0   576     0    64
     0    72     0     0     0   144     0   288     0     0     0  1152
     0     0     0     0     0     0     0     0     0     0     0     0
    96     0     0     0     0     0   648     0    16     0     0     0
    24   648     0     0   144     0     0     0     0    16     0     0
     0    16     8     0   864     0     0    32    64     0     0     0
     0    16     0     0     0     0     0     0     0     0     0    48
   864     0   288     0] 18_0, right:27_0
wr#96: [   8    8    0    0   24    0    0    0    0    0    0    0   32    0
    0   96  324    0    0   48    0    0    0    0  192    0    0    0
   24    0   48    0    0  576    0    0    0   96    0    0    8    0
    0    0    0    0   64  576    0  768 3888   48   96    0    0    0
    0   16    0    0    0    0    0    0    0 8748    0    0  432    0
 1296    0    0    0  128    0    0    0    0    0    0    0    0    0
    0    0    0    0    0    0    0    0  216    0    0    0    0   54
    0    0] 65_432, right:50_3888
wr#99: [   0    0   16    0    0    0   96    0   64    0    4  432    0   96
    0    0    0    0    0    0    0  108   12    0    0    0    0    0
   96    0    0    0    0    0    0  288   72    0    0    0    0    0
    0    0    0    0    0    0  384    0    0    0  288    0    0    0
    0    0    0    0    0    0    0    0    0    0    0    0    0    0
    0    0    0    0    0    0    0    0    0    0    0    0    0    0
   36    0    0   24    0    0    0    0    0    0    0    0    0    0
 7776   96] 98_0, right:35_288
wr#103: [ 216    0    0  128    0    0  288    0    0  216    0    0    0    0
    0    0   48   32    0    0    0    0    0    0    0  384    0    0
  864    0    0    0  288    0   32   96    0    0    0 1152  288  432
  108    0    0   72    0    0    0    0   48  432    0    0    0   16
    0    0    0    0    0    0    0    0    0    0    0    0    0   36
  432  864    0    0    0    0    0  576    0   32   12    0    0  288
    0    0  432    0   16    0    0    0    0    0    0   64    0    0
   24    0] 39_0, right:95_64
wr#116: [    0     0     0     0     0     0     0     0     0     0     0     0
     0     0     0     0     0   162    48     0     0    64     0    16
    12     0     0     0     0     0     0   216   216     0    24     0
     0     0     0     0    96     0    36     0     0   384     0     0
 39366     0     0     0     0     0     0     0   432    48     0     0
     0   288   108   768   576     0    96     0     0     0     4     0
     0     0    24     0   128     0    24     6     0    16     0     0
     0   144     0    24  1728     0     0     0     0     0     0     0
     0     0     0   648] 48_0, right:8_0
wr#123: [   0    0    0    0    0    0    0    0    0    0   36    0    0   96
    0   72    0    0   16    0    0    0    0    0    0  288  144    0
    0    0    0   72   72   48    0    0   72    0  288    0    0   48
  144    0    0    0    0  144    0  144    0   16    0    0   72    0
    0    0    0    0   32    0 2916    0    0    0    0    0    0    0
   36    0    0    0  216    0  384    0    0    0    0    0  144  384
    0    0    0    8    0    0    0    0  216    0    0    0    0 1152
    0    0] 62_0, right:92_216
wr#127: [   0    0  288   12    0    0    0    0    0    0    0    0    0    0
    0    0    0  432   24    0    0    0    0    0    8    0    0    0
    0   32    0    0    0    0    0   64  192  256    0    0    0    0
  288    0    0    0    0    0    0    0  864    0    0    0    0   96
   96   72    0    0    0  324    0 1152 7776    0  256    0    0    0
    0    0    0    0   36    0  192    0    0  144    0    0    0    0
    0   96    0  144    0  192    0    0  144    0  768    0  432    0
    0  432] 64_0, right:50_864
wr#129: [   0   48    0    0    0    0  144   32    0    0    8  216    0    0
  144   64    0    0 3456  864    0  216  216    0    0    0    0    0
    0    0    0    0   64   32    0 1728   48    0    0    0    0  216
    0    0    0    0    0    0 2304    0    0    0  192   48    0    0
    0    0    0  192  144 1296    0   24  216    0    0    0    0   32
    0  144    0  128    0    0 1296    0    0    0  384    0   96    0
    0    0  288  432    0    0    0    0    0    8    0    0    0    0
 1296    0] 18_0, right:46_0
wr#134: [    0     0     0     0     0     0     0     0     0     0     0     0
     0     0     0     0     0     0     0    24    48     0   288   216
     0     0     0     0     0     0     0     0     0     0  1296     0
     0     0     0     0     0     0     0     0   192     0     0     0
    64    72     0     0     0   144     0     0     0     0     0  2304
     0   108     8     0   384     0     0     0     0     0     0     0
 19683   128     0     0   144     0     0     0   864     0     0     0
     0     0     0   576   288     0     0     0     0     0     0     0
   144     0     0   144] 72_0, right:33_0
wr#143: [  256     0     0   324     0     0     0     0     0     0     0   384
    48  1296     0     0    96 11664     6     0     0     0     0     0
    24     0    24     0     0     0    72     0     0     0     0     0
     0     0     0     0     0     0     0     0   144     0    32     0
   192     0     0    96     0     0     0  2592    54     0     0   144
     0   144   288    96   288     0    64     0     0     0     0    48
     0     0     0     0     0    72     0     0   288   216     0     0
     0     0     0     0   864     0  5832     0     0     0     0     0
    12     0     0     0] 17_0, right:37_0
wr#146: [    0     0     0    16   144     0     0    32     0     0   288     0
     0     0   768    16     0     0     0     0   144     0     0   288
     0    36     0     0     0     0    72     0   432    24     0     0
     0     0     0    48     0   288     0     0     0     0     0     0
     0     0     0     0     0    36     0     0     0    24 39366     0
   192     0   288     0    96     0     0     0    24   384     0     0
     0     0     0     0   144     0     0   192     0     0     0     0
     0     0     0     0     0     0   864     0     0     8     0   216
     0     0     0     0] 58_24, right:25_36
wr#152: [  216     0     0     0     0     0     0 11664   144     0   192     0
    24    24     0     0   192     0  3888     0     0     0     0     0
    48     0   432     0     0   144    16     0     0     0     0  2592
   288     0     0    96     0     0   144     0     0    32   768     0
    72     0     0     0     0     0   384     0   144   144     0   162
    24     0     0     0   144     0    72   384     0     0     0     0
     0     0     0     0     0     0     0     0     0     0     0     0
     0     0     4     0    64     0     0     0   384     0     0     0
   288     0     0    96] 7_0, right:18_3888
wr#153: [   0  108   96    0    0    0    0  288    8    0    0    0    0    0
    0  324    0    0    0    0  144    0  384    0    0   48   96    0
    0    0    0    0    0  216    0  576    0    0  324    0    0    0
    0    0    0    0    0  384    0 3456    0   24    0    0  144    0
    0    0  216    0 3888    0   96    0   72   24    0    0    0    0
    0   48    0    0    0    0    0   24    0    0    0    0  288  144
    0  648    0   16    0    0    0    0    0    0  192   72  192    0
    0  192] 60_0, right:59_0
wr#158: [   0    0    0    0    0   12    0 1152    0    0    0  384    0    0
    0  432  288   36  288    0    0    0    0    0    0  192   96    0
    0    0    0   36    0    0   16    0    0    0  576    0    0    0
    6    0    0    0    0   32    9    0   32    0 1296    0  432    0
   96    0    0   48   48  192    0    0  128  288    0   48    0    0
   72    0    0    0    0   32    0    0  324  324    0    0  864  768
    0    0    0    0   32    0    0    0    0    0    0  384 1296    0
    0    0] 52_0, right:24_0
wr#159: [    0     0     0     0     0     0     0     0   144     0     0    48
     0    96     0     0   144    96     0     0     0     0     0     0
   192     0     0     0     0     0     0     0     0     0    72     0
     0     0     0     0    96   192     0    18     0    32     0     0
     0     0     0     0     0     0     0     0     0     0     0   288
     0     0     0     0     0     0     0     0     0    48     0    96
   864     0     0     0   216     0     0     0 59049     0     0     0
     0     0     0   384     0     0    48     0     0     0    72     0
     8     0     0    32] 80_0, right:4_0
wr#162: [    0   432     0     0     0     0  1296     0     0     0     0    72
     0     0     0     0     0     0   288   216     0     0     0     0
     0     0     0     0   144     0     0     0   192     0     0     0
     0    64   576     0     0    96     0     0    64     0    32     0
     0     0     0    24     0     0     0     0     0   288     0     0
     0     0     0    24     0     0     0     0     0     0     0   432
     0     0   192     0    48   648     0     0     0    32     0   108
     0     0 17496     0     0    64     0     0     0     0     0     0
     0     0    64     0] 86_0, right:87_0
wr#170: [   0    0    0   24    0    0    0    0    0 2592   64    0    0   96
   32    0   16   72    0    0    0    0    0    0  144    0    0    0
    0   48    0   96   24   48    0   96    0    0 2592   32    0  768
    0    0    0    0 5184    0   72    0   48    0    0    0  288   48
   48  144    0   96    0  288    0    0    0    0   96    0    0    0
   48  864    0    0    0    0  384    0    0   24    0    0 1728    0
    0   64  576    0  768    0  256    0   72    0    0    0   96    0
    0    0] 46_0, right:9_2592
wr#171: [  128    32     0     0    96     0     0   144  1296    24   144     0
    32     0   288     0     0     0     0     0     0     0     0   256
     0     0   192    64   128     0     0    96     0     0   384     0
     0     0     0     0     0     0     0     0    96     0     0     0
     0     0     0     0     0     0     0     0     0   108   576     0
   162     0     0     0     0     0     0    96     0    48     0     0
   288     0     0     0     0     0     0     0     0 11664     0     0
    48     0    48     0     0     0  1296     0     0     0     0   144
     0     0     0     0] 81_0, right:37_0
wr#172: [  0   0   0   0   0   0   0   0   0   0   0 576   0   0   0   0  12   0
  12   0   0   0   0 432   0 128  48   0 384  48   0   0   0   0   0   0
   0   0   0   0   0   0  48   0  32   0   0   0 288   0   0   0 216   0
   0   0 108   0   0   0   0  96   0  64  48   0 128   0   0   0   0   8
   0 108   0   0   0  48   0   0  48 432   0   0   0   0   0   0   0   0
 432   0   0   0  32   0  32   0   0   0] 11_0, right:4_0
wr#181: [   0 1296    0    0    0   48  432    0    0    0    0    0    0    0
  108    0    0  192    0  384    0   72  288    0    0    0    0    8
    0   32   96    0    0    0    0    0    0 3888    0   16   12   24
    0    0    0    0    0    0    0  128    0    0    0    0    0    0
    0   96    0    0    0  256    0    0   72    0    0    0  128    0
  216  144    0    0    0   96   16    0  576    0    0    0    0    0
    0   72    0   16    0    0   32   16   48    0    0    0    0   16
   16  256] 37_128, right:64_72
wr#186: [   0    4    0   48  144    0    0    0   54    0  864 2592    0   36
  256    0  128   48    0    0    0    0    0    0   72  972    0    0
    0    0  216  192   48    0   64    0    0    0   12    0    0    0
    0    0    0    0    0    0    0    0    0    0    0  432   36  384
    0    6   72    0    0    0    0    0    0    0    0    0    0   96
  384  144    0    0    0    8    0    0    0   48    0    0   32  432
    0    0   24    0    0    0    0    0    0    0    0    0  144    0
    0    0] 11_0, right:40_0
wr#192: [    0    32     0     0  1152    96     0     0     0     0    48     0
     0     0   128     0    48     0   432   432     0     0     0     0
     0     0 26244     0   288     0     0    32     0     0    96    72
     0    24     0    96     0     0   192    32     0     0    36     0
     0     0     0     0   288    24     0     0     0    64   144     0
     0    32    48     0     0   432     0     0   432     0     0     0
     0     0   288     0     0     0    96    32     0     0     0     0
     0     0     0     0     4   216     0     0     0     0     0   432
     6     0   128     0] 26_432, right:45_0
wr#197: [   0    0    0    0    0    0    0    0    0    0  288    0    0    0
    0    0    0    0    0    0    0    0    0    0    0    0   32   32
  192    0    0    0  144   32    0   36  432    0    0    0    0  128
 4374    0   36    0    0    0   27   96    0   96    0    0    0    0
    0    0    0    0    0    0  216 1152    0    0    0    0    0    0
    8    0    0    0    0    0    0    0    0  108   96   96    0    0
    0   32    0    0    0    0    0    0   48    0 1728    0    0    0
    0  324] 42_0, right:63_1152
